[102,93,17,13,91,107,36,92,101,120,38,27,75,97,19,16,61,111,4,32,86,59,35,87,58,125,98,20,78,57,66,110,126,3,1,104,72,47,62,113,65,88,71,7,53,43,95,15,112,103,60,25,99,74,94,55,26,82,122,21,9,64,79,31,8,49,2,51,73,115,52,108,85,67,39,76,70,37,46,114,105,28,10,29,109,121,33,5,40,124,77,6,14,30,106,83,127,0,123,116,118,89,81,96,41,42,50,56,12,45,69,119,11,22,23,63,18,24,68,44,54,90,34,80,100,84,48,117]
[46,41,8,3,50,7,106,81,63,67,38,26,78,61,23,13,62,53,24,19,39,1,33,51,80,45,86,52,48,77,64,121,92,95,66,9,117,59,31,21,114,101,104,14,75,89,96,112,2,88,127,90,116,83,122,27,25,70,72,97,6,111,22,84,74,10,37,28,119,60,5,123,68,113,0,35,12,85,103,126,30,94,44,57,108,36,18,124,58,109,54,98,15,82,4,76,55,49,20,40,34,11,47,79,87,125,115,42,65,102,120,107,29,110,99,17,71,91,93,100,16,73,118,56,32,69,43,105]
[41,97,24,121,79,13,50,25,90,69,85,4,0,73,76,42,95,92,46,26,65,37,39,12,30,123,66,38,72,20,55,78,84,111,122,94,16,6,49,52,8,117,125,17,75,34,7,74,70,10,1,110,45,99,93,67,36,57,48,33,32,62,18,103,11,29,22,9,86,77,102,115,100,88,40,87,107,127,126,47,114,44,101,63,96,23,51,28,15,59,106,108,5,81,112,54,58,61,56,119,60,27,43,113,19,98,21,71,91,31,82,109,120,35,118,80,68,2,89,83,14,104,116,64,53,124,105,3]
[52,37,23,24,90,95,70,35,8,61,102,34,72,17,116,114,40,92,84,69,89,94,88,6,110,103,118,104,97,28,12,51,49,111,71,109,59,44,53,18,121,74,42,68,5,27,82,98,65,108,46,47,30,86,73,117,123,39,106,56,63,57,83,41,85,79,33,96,62,11,87,77,32,60,50,99,43,80,10,45,107,81,76,124,16,48,13,36,101,93,21,9,2,29,25,112,125,66,22,115,1,127,54,126,20,31,3,119,64,38,122,55,19,91,0,7,100,67,105,58,26,4,75,113,78,15,120,14]
[119,105,54,38,117,16,58,29,41,46,45,66,53,77,111,63,52,80,118,44,84,72,96,79,64,60,102,70,32,122,104,11,9,90,88,14,8,19,69,22,43,55,12,78,99,7,74,27,10,56,30,86,127,39,57,2,40,71,47,6,61,1,106,121,5,50,92,35,101,24,26,3,62,98,23,75,0,82,91,18,51,67,87,34,109,113,17,81,59,36,42,33,48,110,83,114,123,73,21,120,95,124,31,20,107,49,103,85,125,112,4,13,116,115,68,126,100,25,94,37,15,65,28,89,97,108,76,93]
[127,72,55,121,60,21,96,82,64,115,12,24,80,90,37,101,119,51,3,28,91,38,92,65,98,68,23,5,10,36,14,103,17,34,47,86,79,113,62,78,83,124,63,19,76,45,117,43,4,30,49,35,42,16,56,59,85,26,126,44,8,106,0,58,120,125,118,75,116,41,71,48,54,29,18,61,70,114,77,123,104,102,15,13,73,50,112,39,32,1,20,22,122,107,88,100,109,99,74,87,108,67,33,52,27,40,46,89,111,11,6,2,81,53,57,95,93,105,97,66,25,31,7,84,9,94,69,110]
[122,107,2,67,23,16,56,51,11,121,113,70,46,85,19,76,47,4,57,54,75,29,69,26,66,68,62,64,103,94,34,118,100,6,24,20,111,9,58,15,37,106,55,72,1,104,53,8,35,36,60,77,21,5,3,10,83,61,112,99,87,89,127,50,78,42,63,84,13,44,43,22,88,114,41,17,73,92,48,109,117,97,52,119,91,102,30,90,80,110,32,124,82,120,28,115,125,126,65,39,27,45,96,49,86,7,98,12,0,116,31,25,123,101,74,81,93,71,79,108,33,105,40,38,14,59,95,18]
[102,86,3,37,88,21,5,12,118,91,95,36,26,78,61,11,85,114,113,121,40,34,99,62,124,44,81,82,68,39,1,104,27,7,23,18,22,72,54,106,76,97,115,63,35,119,32,93,60,33,110,67,25,29,41,51,24,49,73,89,30,77,116,105,70,42,111,120,4,9,87,55,127,69,17,84,20,79,122,52,109,75,45,15,59,28,98,80,19,47,50,83,126,123,92,66,0,2,103,71,6,64,16,108,46,65,112,53,13,125,107,101,10,57,31,94,43,96,8,90,117,38,74,58,48,100,56,14]
[7,124,33,72,47,88,40,4,49,36,30,42,26,12,92,17,122,55,28,85,107,112,73,117,6,18,67,45,23,99,19,75,109,106,44,93,102,27,97,114,64,115,127,0,41,20,25,3,1,24,89,87,113,119,90,80,32,101,69,51,15,61,37,54,60,91,120,100,103,125,126,95,104,98,14,56,111,57,46,77,81,63,43,35,52,76,22,21,123,108,71,65,48,83,82,29,94,11,9,59,78,79,70,68,74,5,105,8,121,118,62,58,31,116,13,50,53,84,38,86,96,2,34,66,110,39,10,16]
[122,31,23,3,118,116,99,35,109,53,104,64,6,81,10,74,87,17,28,36,57,50,27,110,80,112,66,39,44,11,79,46,7,13,55,12,78,0,14,108,56,124,94,54,48,82,32,19,24,52,21,120,34,89,96,73,9,67,68,22,97,20,40,51,1,75,69,41,26,100,88,63,107,70,59,117,121,103,90,45,65,77,105,18,33,125,37,15,101,38,42,126,47,58,5,85,25,8,115,30,16,113,29,102,72,93,49,62,76,92,2,119,43,91,95,71,127,61,84,106,86,4,114,123,111,60,98,83]
[104,109,23,9,115,91,118,54,45,113,124,122,12,64,80,86,112,33,72,94,57,123,55,84,126,77,79,85,38,2,34,17,13,114,82,102,73,10,28,26,78,53,120,7,107,3,116,62,42,48,96,22,44,15,51,63,21,31,125,117,60,111,16,11,67,50,49,119,110,37,24,8,101,6,71,99,97,92,40,66,0,74,87,103,69,5,68,127,19,27,98,58,29,100,47,81,52,43,4,32,18,108,89,70,39,25,76,41,20,59,65,105,14,61,88,35,90,56,46,75,121,30,1,93,36,95,106,83]
[67,98,118,76,1,79,121,31,55,94,14,62,40,125,93,74,32,18,117,15,119,107,25,10,87,124,115,7,24,52,19,56,92,88,47,44,13,48,36,84,81,50,100,27,71,108,8,126,89,127,104,66,65,59,68,11,29,103,22,4,63,26,110,16,111,116,39,78,30,102,101,73,96,105,0,12,42,58,38,53,120,17,80,91,61,60,5,86,75,90,114,69,23,35,112,54,57,51,113,45,34,122,70,3,20,6,85,2,28,46,97,95,72,109,49,99,82,106,21,83,43,41,77,64,33,37,9,123]
[5,110,111,37,48,114,64,13,56,59,72,41,19,4,21,113,7,70,35,95,31,97,121,2,90,47,25,28,88,103,105,120,106,73,62,69,118,86,55,115,108,107,27,93,61,94,17,96,40,119,39,76,83,80,66,52,3,89,46,79,38,43,57,92,109,71,124,91,15,12,14,30,68,122,99,11,9,36,42,116,101,81,18,78,98,20,58,123,32,8,22,126,65,16,112,117,82,102,67,50,127,6,104,77,34,26,63,44,29,33,60,24,54,87,51,10,74,53,125,49,85,0,45,23,75,84,100,1]
[18,56,104,122,123,1,97,107,37,41,96,47,116,82,4,29,112,59,52,127,118,58,51,117,3,120,99,114,11,15,72,30,103,121,80,88,26,55,35,65,45,54,86,44,64,12,27,39,61,57,101,115,111,85,20,109,124,0,90,73,113,23,77,62,32,6,110,94,79,100,63,74,84,46,19,75,33,8,49,14,43,40,105,34,36,48,70,125,92,10,71,42,81,31,17,119,67,69,126,87,2,60,50,28,24,22,5,93,13,102,38,68,91,66,9,21,89,78,76,53,98,95,106,16,25,7,108,83]
[34,44,55,84,37,59,12,102,86,61,78,3,9,125,73,117,16,5,116,79,56,85,111,120,18,28,25,39,40,14,90,64,118,1,66,58,43,26,91,95,94,96,101,97,30,75,112,67,83,19,124,115,69,48,24,63,70,107,77,93,80,33,103,121,87,4,106,82,13,20,51,54,2,119,49,8,113,35,22,11,10,76,45,21,52,60,7,92,100,15,38,127,114,88,105,46,36,123,108,27,32,74,47,126,0,98,6,72,50,89,104,41,71,42,81,62,23,65,31,110,122,99,68,29,57,53,17,109]
[119,63,98,96,25,45,100,33,41,56,93,70,60,29,84,11,65,90,92,5,101,73,8,89,43,62,94,99,66,36,48,16,125,23,57,4,26,106,75,95,7,114,53,34,18,87,71,88,52,97,83,51,122,80,104,9,20,103,64,42,102,67,115,35,76,28,27,121,39,105,82,3,6,110,118,24,19,54,44,31,50,74,120,126,61,10,22,113,108,112,78,14,72,127,79,123,109,2,116,91,30,49,69,12,81,86,85,59,55,46,1,37,124,13,15,77,32,68,17,21,117,107,58,38,40,0,111,47]
[72,6,41,58,10,116,21,30,36,70,80,11,67,101,14,28,47,105,8,57,4,32,16,84,53,19,122,74,29,26,125,37,60,50,31,126,5,111,106,62,33,43,20,113,99,34,108,104,79,2,81,82,103,96,85,45,110,123,109,44,3,49,52,71,88,24,83,59,15,65,51,87,102,127,86,13,40,93,114,48,90,107,94,55,78,46,91,95,117,124,0,73,120,75,38,97,98,22,100,42,92,89,61,12,7,23,17,115,112,121,77,9,68,76,69,27,1,18,118,119,35,39,64,25,54,56,66,63]
[39,37,51,96,127,11,125,70,16,76,25,92,8,22,24,61,10,104,57,62,111,118,36,77,18,41,32,64,84,3,105,117,47,33,54,74,100,97,69,28,82,13,46,98,65,7,83,9,124,119,0,34,121,87,5,20,86,44,50,4,114,126,26,2,27,45,75,59,120,94,89,21,79,60,85,53,93,48,95,66,1,90,30,106,68,72,113,110,6,116,52,78,43,56,81,91,12,122,102,109,29,14,38,115,71,112,88,19,99,63,80,17,108,35,42,55,123,101,107,58,23,31,103,40,49,73,15,67]
[125,42,7,23,72,39,31,40,28,8,46,68,117,94,116,101,55,76,89,88,78,99,107,6,22,87,16,67,114,56,73,108,81,70,118,100,43,104,102,126,85,27,61,45,84,127,36,37,83,10,51,2,15,86,124,5,58,91,1,9,30,26,63,65,49,57,25,50,34,74,110,120,98,17,32,119,97,48,79,80,109,106,54,92,95,60,115,64,59,77,62,24,33,122,21,75,19,52,105,13,121,66,112,53,113,96,29,4,18,82,14,71,47,111,93,69,123,0,38,90,103,44,41,20,35,11,3,12]
[12,8,89,52,19,58,117,35,80,50,116,37,5,87,48,103,23,81,49,22,7,57,24,54,72,59,27,43,25,105,91,10,84,3,118,114,36,62,102,90,101,9,123,14,122,39,0,76,83,109,42,33,31,107,32,108,77,15,56,16,41,65,11,98,13,119,97,125,82,47,2,38,106,75,99,6,100,55,93,73,26,127,95,124,63,88,60,110,71,67,70,120,64,20,126,104,79,34,1,66,30,4,21,85,53,46,115,121,92,44,18,45,61,29,112,74,94,17,40,78,51,68,96,28,113,111,69,86]
[2,14,38,25,117,126,20,8,111,71,27,104,112,31,93,56,12,105,15,94,114,59,32,47,97,85,120,103,116,64,58,36,106,87,80,19,34,119,77,54,81,96,91,124,28,67,123,92,110,98,49,100,5,35,113,125,16,9,3,39,107,40,65,83,33,109,13,24,127,88,95,74,122,7,6,29,21,61,0,53,52,45,118,115,22,55,23,72,44,10,108,26,82,30,69,79,4,60,121,101,90,37,11,42,66,84,41,73,50,78,62,89,63,1,43,76,57,99,75,86,46,17,48,70,68,18,102,51]
[126,81,41,24,18,45,10,111,2,63,89,80,13,113,14,39,0,117,53,76,26,102,1,48,4,54,78,36,116,43,96,57,70,19,103,100,35,28,59,64,118,93,115,88,27,15,66,60,44,87,91,94,122,61,123,17,34,108,106,22,33,7,73,46,112,120,8,77,71,47,11,95,62,6,31,105,21,37,125,107,75,16,3,86,101,55,52,42,119,109,20,74,121,85,99,58,25,5,23,92,50,104,12,68,38,40,82,51,98,114,29,110,72,69,67,49,83,56,97,65,79,32,90,84,9,127,30,124]
[97,42,20,125,15,105,43,38,103,48,116,86,85,30,121,56,96,46,92,68,126,65,31,78,95,12,73,80,6,5,118,102,109,71,47,18,67,117,62,44,37,27,120,115,127,108,89,110,112,122,74,4,14,84,51,113,91,111,107,60,26,29,90,35,7,17,53,36,82,79,24,83,28,61,22,70,41,81,88,124,40,58,1,33,9,10,50,3,76,55,49,16,101,99,77,21,104,64,119,32,63,93,39,98,106,19,114,94,34,69,45,54,23,123,66,57,13,11,2,75,8,100,72,87,0,59,52,25]
[4,20,60,92,33,18,119,6,124,36,74,111,51,62,39,79,45,30,49,114,46,61,14,112,83,27,11,67,52,120,3,34,107,125,84,2,93,82,10,8,42,101,102,40,100,44,108,31,9,85,121,58,38,86,55,68,103,0,77,22,127,53,117,21,54,28,99,76,75,41,50,65,59,7,88,80,109,29,24,95,89,70,5,110,116,105,48,26,94,25,47,126,43,32,35,91,17,66,63,122,64,118,96,81,97,78,12,15,23,115,71,87,37,13,90,106,16,57,19,104,123,56,73,98,72,113,69,1]
[73,51,121,102,96,109,98,95,116,68,92,5,81,70,49,124,64,35,110,21,33,20,97,46,43,50,89,44,18,0,7,52,100,42,71,12,30,88,122,60,84,119,99,1,108,3,78,77,125,111,54,41,22,48,23,101,38,123,104,55,90,83,114,14,39,11,17,19,80,126,112,103,25,61,57,67,87,117,31,72,6,32,37,76,75,15,53,86,105,28,13,65,63,29,115,91,56,2,59,45,127,120,107,79,24,82,85,113,27,106,47,16,66,34,36,62,93,58,26,94,69,40,118,8,4,9,74,10]
[8,84,104,27,72,82,127,60,33,21,14,107,90,119,109,46,86,20,23,105,17,89,112,111,99,70,39,69,71,115,7,117,15,4,91,77,24,100,47,10,16,98,65,55,38,35,43,18,59,93,116,87,122,13,108,53,54,12,83,61,62,75,110,95,63,102,1,94,48,45,76,121,42,85,68,29,118,30,113,22,81,37,28,96,92,73,125,5,114,126,78,51,101,50,74,49,25,52,64,6,19,2,66,58,3,124,79,123,106,67,41,0,57,80,31,56,40,97,44,9,32,120,36,26,34,11,88,103]
[13,12,117,109,15,35,58,125,8,41,18,74,59,103,63,40,95,27,60,19,108,124,11,39,24,70,98,102,82,77,127,96,57,46,7,53,80,104,5,105,3,45,65,0,32,79,122,28,83,64,14,47,49,38,71,16,78,126,50,66,20,33,23,99,36,10,100,42,54,118,17,119,44,43,111,9,75,30,29,115,48,120,68,90,112,51,21,85,31,94,34,67,93,4,92,2,84,1,81,106,107,110,113,114,26,37,89,86,91,52,22,121,87,101,97,55,73,76,123,88,61,62,72,25,69,6,116,56]
[20,49,29,81,22,63,111,26,31,92,72,13,30,74,101,2,93,14,11,79,117,52,119,104,50,21,121,120,125,77,73,33,57,37,102,88,12,58,113,42,59,89,67,44,70,115,60,98,123,68,0,100,127,47,8,105,4,25,41,76,36,23,48,39,103,90,110,86,16,19,84,116,35,55,40,34,82,75,1,61,51,38,107,18,71,6,46,54,15,96,9,5,32,106,124,80,99,65,3,64,62,27,91,78,43,114,122,85,56,87,45,17,97,94,109,7,95,10,108,126,28,118,69,66,83,53,112,24]
[31,8,40,45,29,39,99,52,120,16,67,80,72,91,2,69,109,56,51,117,78,111,110,77,103,116,13,66,65,86,68,108,11,124,49,36,123,60,22,20,48,27,115,90,106,54,70,119,50,57,76,9,105,15,26,97,47,63,14,35,107,32,121,87,73,74,71,34,92,96,23,24,82,4,118,98,93,38,58,44,28,100,101,19,95,104,114,1,42,21,88,17,89,102,81,113,83,125,85,18,112,5,3,122,94,30,0,37,84,75,33,46,55,43,79,25,12,62,10,59,126,127,6,64,61,41,7,53]
[48,14,61,20,51,97,34,12,123,1,118,3,126,50,19,99,110,122,16,53,37,83,8,114,47,10,35,6,7,119,113,72,104,81,41,31,96,74,85,84,22,66,89,32,43,54,26,78,36,30,62,102,68,67,121,91,79,24,52,15,107,120,125,63,60,55,45,11,82,105,2,90,58,23,98,28,127,46,29,70,73,42,76,124,77,57,5,111,17,64,87,115,106,44,103,94,13,39,71,27,21,108,59,86,4,80,117,75,9,56,93,65,33,100,95,25,92,109,112,101,69,88,40,0,18,116,49,38]
[16,69,14,76,105,98,107,52,3,127,51,8,37,87,53,29,68,21,74,73,110,108,6,44,13,102,19,78,66,62,113,50,80,119,55,75,12,126,27,47,43,32,54,86,124,18,109,2,115,20,116,67,15,58,38,36,90,59,94,125,70,46,40,93,9,111,61,79,103,123,35,41,84,92,5,101,1,4,117,72,85,17,10,42,77,26,64,89,31,57,65,22,24,120,122,106,99,114,7,11,83,0,45,63,39,118,71,100,104,97,60,96,121,95,34,112,49,88,91,23,33,48,25,28,81,82,30,56]
[53,114,35,43,115,14,61,19,24,56,46,36,59,5,105,97,69,79,45,4,126,101,78,119,93,25,10,38,37,91,108,18,2,122,109,13,87,83,120,65,84,28,113,34,11,60,110,94,67,106,39,7,21,74,86,85,42,125,8,80,71,117,40,104,99,64,62,15,124,33,16,68,9,22,57,29,98,118,103,76,82,6,70,100,54,72,20,58,63,47,92,41,31,1,75,27,32,123,66,30,88,17,49,51,3,0,102,26,95,89,55,52,77,12,73,111,96,127,121,107,90,81,116,44,50,112,23,48]
[102,40,91,107,77,72,78,119,48,33,18,25,11,58,12,126,51,15,32,110,35,42,93,30,0,14,29,68,3,60,59,125,43,70,1,26,105,123,85,88,94,36,97,116,127,55,64,81,103,115,108,69,50,22,4,67,75,117,95,109,73,47,86,65,98,34,66,62,61,41,37,9,39,89,112,74,79,38,24,57,100,56,87,52,124,28,31,53,16,19,63,80,99,17,92,76,104,118,83,96,49,120,2,101,7,20,54,121,46,71,27,84,10,111,114,8,45,23,90,5,122,106,21,44,6,82,13,113]
[1,98,18,81,75,58,80,94,6,43,48,109,17,61,97,39,52,31,21,123,16,0,35,73,59,89,112,37,114,5,45,8,96,9,111,127,84,14,103,100,107,113,108,78,125,32,121,12,115,92,30,86,95,118,41,104,101,106,11,77,74,20,60,69,120,93,66,72,116,55,33,85,13,40,26,57,10,71,126,90,49,76,2,25,62,19,88,42,91,82,124,70,56,47,117,105,87,102,83,99,67,53,65,38,51,50,44,24,15,28,68,36,119,79,34,54,46,110,4,23,63,3,7,64,122,22,29,27]
[26,22,107,15,57,4,68,93,54,126,89,41,37,8,119,36,113,35,115,108,109,102,79,77,73,124,81,13,43,24,40,62,114,64,52,101,120,65,3,111,85,95,87,17,20,117,100,90,82,118,12,76,84,53,61,31,66,38,23,59,125,25,104,105,21,2,55,16,48,106,78,122,99,97,56,14,44,94,46,9,47,7,88,63,39,74,1,10,18,103,116,5,0,42,83,72,33,6,50,34,112,30,32,45,91,51,92,80,96,19,71,60,28,69,11,58,127,98,27,70,29,110,123,49,86,75,67,121]
[45,120,27,52,116,11,5,1,21,47,59,22,32,64,121,71,117,12,25,99,24,115,62,79,31,77,41,39,87,85,114,16,67,90,46,110,68,14,81,35,108,118,63,113,72,80,127,8,111,86,53,4,13,37,96,18,26,104,84,20,60,2,109,34,23,48,29,43,92,57,33,70,122,30,124,112,119,56,66,101,103,38,123,44,55,7,98,69,36,49,82,50,102,125,10,65,17,58,106,89,9,88,75,95,93,97,28,100,42,61,91,73,83,19,15,105,0,54,3,126,76,51,94,107,74,40,78,6]
[112,88,73,43,66,61,23,91,77,50,59,47,27,28,69,5,83,33,89,39,56,46,25,6,38,62,58,90,74,117,118,30,98,17,109,86,78,0,127,60,97,20,96,49,54,84,121,87,16,64,99,18,45,92,53,70,3,107,48,15,80,81,94,37,95,67,122,71,32,104,13,10,40,113,22,102,100,1,51,120,85,101,125,110,24,34,41,114,123,52,108,8,126,103,68,72,93,65,12,36,19,115,42,21,14,57,116,26,35,76,82,2,29,111,79,31,7,105,55,9,106,124,75,4,11,63,119,44]
[18,5,55,36,27,30,70,103,77,52,4,7,88,110,74,83,63,62,49,45,26,11,90,92,6,41,58,28,113,50,37,109,2,93,14,117,44,69,115,91,126,40,107,13,0,105,81,46,53,106,118,111,89,9,85,38,127,101,67,120,15,31,112,68,76,59,17,24,98,33,29,72,12,100,51,47,21,104,116,125,97,73,34,119,32,80,123,122,42,16,65,39,10,48,3,86,64,78,22,35,114,57,56,94,71,23,99,87,43,20,61,121,66,124,75,96,60,8,79,84,19,95,1,102,25,54,108,82]
[82,19,60,90,44,92,86,127,24,75,106,9,113,109,22,5,124,36,97,37,88,63,23,58,62,115,29,45,103,1,120,50,107,105,12,57,101,13,116,52,112,83,32,91,93,20,79,80,70,64,6,34,10,77,30,28,48,3,85,73,39,100,126,123,42,67,96,61,84,65,46,47,16,111,31,54,76,56,51,59,43,41,87,119,35,110,104,38,74,18,99,98,122,40,53,81,71,114,95,2,89,69,49,102,78,33,117,118,15,68,94,8,125,27,55,121,108,0,17,11,26,25,66,21,7,14,72,4]
[56,30,5,16,62,39,36,72,33,40,26,96,64,8,99,6,52,100,47,127,95,91,111,82,54,115,98,122,77,85,34,105,80,108,68,13,3,4,89,29,102,9,20,12,18,124,87,22,37,88,125,83,50,38,28,44,14,123,75,97,66,53,46,55,23,48,69,114,67,113,70,21,49,94,0,104,63,112,110,120,74,109,31,61,10,101,103,27,79,19,106,107,78,45,71,57,86,2,126,90,76,58,7,84,17,81,42,73,60,119,41,32,59,35,93,43,118,121,24,25,65,15,51,116,1,117,11,92]
[71,68,66,85,93,53,91,76,6,116,92,60,120,1,74,38,79,110,10,86,3,7,72,17,77,15,113,103,44,124,65,0,107,121,59,45,69,80,46,96,18,47,82,127,2,39,78,49,54,97,105,58,11,100,20,89,48,115,73,109,70,35,40,43,19,24,102,52,111,23,95,41,101,83,50,87,122,22,63,57,125,28,9,106,64,37,25,13,33,16,90,51,55,56,104,8,4,62,98,29,75,36,117,118,42,114,94,21,99,5,27,31,14,88,61,123,34,30,81,108,119,67,112,126,12,84,26,32]
[62,21,80,40,96,95,97,113,88,17,127,124,48,83,4,60,41,43,55,47,61,57,13,94,16,105,99,126,14,115,15,51,108,68,120,84,72,66,65,91,75,44,1,112,111,30,45,101,93,117,103,87,82,81,110,104,24,9,121,109,116,5,56,22,123,114,53,69,64,102,106,6,38,25,58,50,78,46,19,122,49,7,74,54,10,98,26,27,125,71,8,28,79,52,85,119,23,73,63,33,31,67,92,76,77,32,107,100,42,0,36,34,35,89,86,29,18,37,70,59,39,90,2,11,20,3,118,12]
[106,68,16,45,48,49,37,69,10,116,63,72,31,73,28,47,121,123,53,94,40,36,50,87,20,78,70,85,46,104,42,23,5,97,125,88,117,34,102,115,122,2,54,4,101,84,126,81,14,76,98,57,103,32,62,18,51,19,1,30,75,56,55,92,25,64,66,65,74,33,38,82,118,27,12,58,17,96,61,52,13,119,0,112,8,29,80,60,3,93,15,77,127,11,99,21,24,22,35,95,113,83,124,39,44,41,111,26,100,9,120,6,109,7,43,79,108,110,71,91,86,67,107,90,59,114,89,105]
[40,52,14,92,125,56,119,67,43,30,33,50,73,23,113,32,5,16,60,1,104,11,74,34,84,41,127,100,55,93,42,36,87,15,94,110,48,64,126,2,9,13,47,20,26,58,80,108,103,106,0,107,105,22,91,4,88,54,99,76,115,78,29,63,75,61,70,18,123,85,59,96,6,17,90,28,39,112,7,120,3,45,77,95,114,83,81,19,57,79,98,24,118,8,65,102,25,12,53,109,111,97,10,31,44,37,46,62,51,38,27,49,86,68,89,101,121,35,21,117,71,82,122,72,124,66,69,116]
[19,51,123,89,34,32,62,12,98,6,27,110,14,3,117,97,56,78,41,72,126,101,103,8,47,96,7,65,44,61,40,37,100,120,122,124,109,81,127,59,55,33,116,80,82,10,105,38,22,93,35,118,17,119,70,77,50,92,108,71,90,16,86,36,111,52,23,114,26,104,13,45,106,20,42,75,5,67,49,125,25,28,43,18,73,30,63,74,68,95,11,112,121,88,39,31,84,53,58,107,46,64,91,57,85,79,115,4,9,29,99,94,48,21,60,102,69,15,66,113,87,76,2,83,54,24,1,0]
[18,26,60,36,53,24,30,92,123,83,21,59,5,120,15,29,91,42,12,3,57,14,80,7,93,17,54,31,95,10,70,126,43,68,58,61,35,40,88,77,51,73,87,97,65,110,9,37,82,109,16,101,23,79,44,56,122,32,75,63,74,81,72,113,67,66,47,90,96,34,41,84,62,19,89,108,115,107,64,45,118,33,1,6,52,125,105,124,114,121,46,117,8,99,69,39,22,55,127,20,2,76,50,85,78,103,49,94,11,25,104,4,48,112,106,27,116,28,111,86,98,119,71,100,38,102,13,0]
[111,109,42,103,35,65,113,80,69,36,57,124,54,70,117,25,21,98,87,88,17,45,63,116,30,120,6,49,102,1,51,11,85,34,93,39,50,7,33,72,40,77,64,75,90,108,62,29,59,13,47,127,123,0,105,122,23,31,32,119,79,44,37,20,18,41,68,55,99,84,95,71,61,4,38,27,3,48,10,66,121,104,56,52,58,53,5,91,9,22,15,107,46,78,28,14,60,2,112,96,76,81,118,92,26,101,89,8,100,86,82,43,19,67,126,83,12,114,74,115,125,16,106,110,73,24,97,94]
[126,110,62,94,104,30,3,121,85,51,65,112,17,25,46,19,49,13,71,34,53,16,50,26,89,7,99,82,105,73,95,70,97,63,84,8,58,45,29,59,35,5,118,109,11,111,86,37,33,113,10,54,20,103,15,36,12,39,66,87,119,122,101,120,48,124,9,127,116,115,4,96,31,125,100,81,47,23,107,1,93,102,91,98,41,27,55,14,40,123,79,92,72,43,76,61,6,108,24,67,117,0,77,74,75,52,69,42,80,56,57,44,28,106,68,88,32,18,60,22,83,2,64,21,78,114,38,90]
[79,5,33,30,93,0,77,125,47,95,82,62,55,120,121,34,115,105,91,63,114,122,101,111,68,10,29,42,13,87,22,86,43,75,50,44,100,74,113,4,117,61,37,109,3,73,104,71,7,9,126,11,83,35,127,54,84,52,49,46,21,1,106,45,103,118,51,31,25,96,80,20,41,124,16,67,27,110,123,17,12,90,15,38,70,53,56,26,98,89,65,119,81,24,107,18,92,108,94,19,48,88,14,39,8,85,60,66,28,99,2,69,76,36,23,58,57,78,64,112,40,59,102,116,97,6,72,32]
[70,25,33,44,23,20,59,27,46,109,66,12,120,105,65,4,54,102,81,115,45,42,94,31,104,67,127,75,48,30,113,71,18,21,85,47,15,17,64,10,1,76,103,79,99,11,108,52,97,9,0,57,125,41,43,122,49,77,24,100,34,35,60,3,51,88,118,93,98,101,78,110,72,123,7,112,39,114,89,124,2,63,69,80,32,6,91,55,38,53,84,87,74,73,29,68,92,86,36,111,116,8,83,56,58,28,117,5,95,119,50,22,61,62,90,82,96,37,26,107,16,126,13,19,121,14,106,40]
[76,74,92,101,27,50,106,65,67,25,52,115,58,55,116,62,77,28,120,22,40,35,56,124,110,29,100,125,66,75,8,113,105,107,42,78,119,72,81,95,114,39,30,127,37,11,87,80,43,41,63,109,85,118,47,102,117,82,12,23,0,89,34,103,4,16,13,57,70,61,94,59,36,64,93,86,73,91,17,51,20,122,60,26,10,88,18,53,98,24,84,121,31,21,19,79,54,9,104,38,1,69,123,44,45,111,126,97,71,112,7,2,15,6,49,83,33,5,90,32,3,48,68,14,108,96,46,99]
[48,52,78,6,47,109,91,127,70,29,84,87,57,62,106,27,88,32,21,35,64,99,5,20,124,60,108,38,11,102,56,43,71,25,69,55,68,93,123,58,125,42,121,98,86,30,31,46,77,37,7,111,45,89,90,44,85,63,23,72,0,1,126,112,65,116,34,10,14,107,54,16,117,13,66,81,103,24,22,19,3,110,95,39,82,50,67,113,80,8,101,79,12,41,33,83,36,2,120,73,76,18,53,105,4,119,59,100,40,49,97,74,61,15,51,114,75,17,28,26,96,122,104,118,9,92,115,94]
[68,125,117,59,98,57,32,34,110,74,111,4,100,121,75,66,7,63,64,114,94,80,120,119,56,67,29,77,69,86,16,43,123,112,84,65,58,115,22,108,126,45,118,82,72,2,19,36,79,99,28,78,46,83,107,1,11,9,31,88,50,40,13,35,104,55,30,122,113,10,106,8,51,85,12,76,87,0,54,48,61,101,14,89,62,38,24,17,52,127,47,92,21,20,33,95,73,3,109,91,37,97,90,70,42,71,96,6,27,124,93,26,41,49,105,44,102,25,53,60,15,39,5,18,103,23,81,116]
[4,106,94,47,63,55,29,126,34,58,65,51,60,82,79,9,26,114,127,99,91,10,54,59,76,40,123,17,52,120,70,110,72,100,43,121,109,8,116,22,74,18,3,103,75,71,125,77,119,28,31,27,124,86,11,95,93,32,12,101,113,20,66,2,105,117,5,46,85,107,39,35,118,61,41,68,1,87,37,7,33,49,80,92,44,67,57,21,102,45,36,98,16,115,14,48,53,89,38,83,6,88,69,90,50,84,56,81,73,15,62,42,23,64,25,97,24,78,30,0,111,122,96,112,19,108,13,104]
[13,48,11,116,73,14,10,96,124,60,36,105,54,119,34,28,53,75,111,35,78,85,64,87,74,112,49,95,121,7,98,84,19,80,61,106,79,15,8,90,97,58,103,76,104,43,114,9,120,33,63,30,67,109,51,26,50,0,46,113,82,123,55,12,57,22,24,44,94,32,29,37,20,102,86,1,16,40,69,39,72,4,17,81,126,45,25,83,122,77,31,89,127,71,92,18,38,110,3,118,115,2,59,27,5,68,62,6,117,41,21,66,93,42,56,52,99,100,108,125,101,107,23,91,65,47,88,70]
[119,22,48,51,34,86,23,61,74,43,35,88,58,47,82,13,25,8,124,5,120,14,112,108,12,71,54,76,53,30,125,69,44,2,28,57,21,59,10,101,32,18,55,100,41,27,103,97,36,109,42,46,11,110,93,39,70,33,126,73,127,52,113,0,111,9,64,90,4,26,15,19,63,1,72,49,20,79,116,115,92,117,62,123,7,102,37,98,89,99,6,114,80,105,78,106,83,60,45,104,40,24,31,77,17,66,75,81,87,95,65,91,96,67,122,50,29,84,16,85,94,68,38,118,107,121,3,56]
[87,107,1,127,46,5,91,59,70,17,14,72,54,25,93,31,109,43,57,42,64,94,120,62,50,105,99,18,24,125,20,19,101,45,119,9,90,0,13,79,4,28,55,92,111,27,118,110,81,95,65,63,122,33,88,16,106,75,26,38,77,115,114,98,39,112,78,83,82,69,12,56,102,103,74,2,96,23,117,37,89,104,21,34,29,41,108,84,48,3,8,47,7,73,85,53,49,113,30,86,124,61,100,76,123,52,10,116,51,35,40,71,58,97,126,22,68,121,44,6,67,15,66,32,36,60,11,80]
[37,70,42,9,84,80,33,49,68,127,90,65,103,101,66,86,41,6,17,102,100,19,44,126,96,59,109,61,23,53,99,32,67,10,57,58,51,52,113,69,1,91,47,30,110,4,82,72,5,11,3,83,60,118,45,95,18,24,104,64,92,75,63,74,46,71,14,28,79,85,123,0,97,107,111,122,55,89,93,34,38,48,26,88,108,36,13,16,8,76,15,50,87,27,115,39,21,29,20,116,112,54,73,125,124,105,98,35,25,56,43,7,119,12,81,31,62,94,106,40,120,117,2,77,114,121,22,78]
[8,111,57,2,94,60,97,47,72,19,28,122,22,81,86,106,109,55,100,74,6,25,13,44,71,30,84,90,78,43,20,51,112,35,56,36,39,54,95,88,73,31,42,45,110,107,0,10,101,48,17,91,32,1,61,77,40,12,24,3,14,23,80,33,99,68,52,104,96,127,18,65,89,124,62,26,46,4,9,16,115,108,83,79,27,7,53,21,66,63,82,34,116,125,11,113,87,119,58,85,29,120,69,126,92,50,41,117,15,123,98,93,103,38,76,105,114,67,59,75,118,49,121,37,70,102,5,64]
[75,103,39,29,87,13,110,52,27,6,5,18,80,92,66,111,3,106,54,16,93,61,118,10,30,107,102,33,98,85,115,17,4,22,49,12,121,51,99,25,119,109,60,20,67,56,36,82,101,47,68,0,44,37,65,81,42,125,83,45,88,55,23,79,40,28,86,124,127,26,31,84,78,95,11,94,96,113,41,105,48,46,112,64,126,21,71,73,19,32,53,117,91,114,104,70,76,97,58,43,2,100,116,57,1,120,9,34,8,24,59,108,72,14,74,7,62,123,35,90,50,89,63,77,15,69,122,38]
[26,55,85,87,54,110,60,84,106,19,42,56,28,50,14,124,94,37,105,24,69,17,21,39,0,6,77,111,58,65,8,62,67,30,48,4,78,53,83,2,49,81,15,79,63,101,34,93,114,122,41,13,22,3,46,33,70,97,117,72,71,80,5,23,100,45,1,119,40,35,51,52,29,104,18,125,86,118,102,75,25,109,43,98,112,127,120,108,116,68,10,88,31,76,82,92,123,9,73,7,12,61,32,20,90,89,107,96,115,95,91,57,11,38,103,44,66,113,27,121,126,47,59,74,99,64,36,16]
[77,21,15,9,91,50,25,36,114,105,35,37,20,113,40,90,28,112,54,82,52,64,127,92,6,5,125,22,30,41,126,84,121,3,106,101,96,57,13,93,39,49,8,120,81,59,32,110,117,75,1,60,34,65,78,26,56,116,71,12,107,123,119,48,17,111,88,104,103,43,38,102,45,85,95,69,44,2,0,72,55,97,61,98,63,18,31,7,53,67,10,74,79,109,87,68,122,19,115,70,47,46,83,89,86,58,73,11,51,108,16,124,80,118,66,29,27,42,24,14,62,23,94,76,100,33,99,4]
[28,118,56,113,87,16,19,11,120,18,119,125,4,51,98,123,82,91,9,126,34,21,30,14,57,83,49,67,62,6,88,77,72,65,99,24,20,39,25,121,76,35,114,37,84,2,22,7,8,40,75,102,0,92,53,74,1,52,26,73,124,69,117,101,60,54,63,71,32,79,112,61,48,46,38,13,43,93,27,100,15,109,36,103,97,64,86,29,78,96,95,85,44,3,105,66,110,70,47,55,10,31,59,12,90,58,68,81,80,107,17,89,41,45,111,23,115,127,116,5,108,42,94,50,122,33,104,106]
[4,47,76,17,124,64,59,49,95,66,71,115,38,0,110,9,102,90,89,36,94,122,51,73,52,101,125,77,37,70,57,109,126,88,3,108,30,35,67,31,26,22,56,96,5,29,106,10,87,20,46,81,83,54,92,41,78,98,86,53,84,111,117,42,7,33,104,44,119,61,105,24,50,112,8,120,121,15,11,85,68,18,80,72,127,103,2,60,32,16,116,74,6,79,62,118,39,27,114,93,123,65,82,48,21,1,25,97,19,43,12,34,100,40,45,13,58,63,23,91,14,107,55,28,69,99,113,75]
[120,40,106,46,27,96,107,98,13,59,64,63,26,24,44,32,124,33,127,71,115,111,110,126,16,78,1,86,35,12,5,14,52,43,49,103,101,94,37,19,77,56,42,82,62,93,61,15,3,30,69,25,41,121,31,22,74,97,112,23,21,117,67,119,55,76,123,39,102,91,100,90,50,104,75,65,18,80,51,114,109,36,10,125,70,118,7,8,89,29,99,9,85,47,58,113,105,0,54,68,84,48,2,20,81,88,95,28,72,38,6,57,92,116,108,79,60,83,17,53,11,73,66,45,87,34,4,122]
[110,102,28,115,9,54,75,91,7,24,62,43,105,20,117,34,82,125,37,57,0,35,26,112,17,61,44,69,92,4,113,47,123,71,94,127,121,85,119,49,10,3,15,6,11,51,80,76,111,48,86,103,32,72,120,73,79,16,78,18,52,1,64,87,84,39,50,30,53,21,107,106,89,8,70,58,22,118,99,40,2,36,96,90,77,46,88,126,74,95,83,67,45,60,122,33,101,104,116,27,114,66,12,68,124,42,25,98,100,56,31,38,55,108,109,14,19,63,97,13,59,29,81,93,23,5,65,41]
[110,113,18,127,70,58,25,106,116,94,102,33,72,6,28,78,107,20,100,12,63,65,117,119,112,19,51,40,52,61,7,126,121,36,27,96,105,103,9,86,15,79,45,29,108,84,87,1,73,59,90,92,91,83,124,109,88,50,3,16,62,93,55,34,10,53,44,69,76,31,89,54,125,17,74,8,123,75,38,11,114,41,49,42,118,98,97,22,56,82,64,115,2,95,85,21,0,35,48,39,81,13,23,60,122,101,77,24,43,32,104,14,37,47,30,67,71,57,68,120,80,5,46,99,26,66,111,4]
[30,33,61,22,4,75,63,109,97,90,126,21,53,64,83,98,32,35,56,123,60,28,44,6,47,34,23,68,127,82,26,65,72,43,125,37,62,20,112,113,49,104,14,84,85,122,78,70,24,50,12,27,42,16,103,96,106,10,5,17,29,99,110,2,121,31,105,73,114,3,51,89,52,93,59,36,77,118,57,101,86,95,8,71,54,117,115,39,87,15,40,119,9,58,100,13,120,116,88,108,81,45,94,55,38,46,0,74,1,66,76,7,111,79,67,19,48,80,41,25,124,92,91,102,18,11,107,69]
[31,99,85,120,110,17,81,21,39,84,28,10,114,68,34,76,108,101,62,78,58,41,79,54,80,117,29,70,92,16,44,35,127,125,88,123,59,18,5,19,126,26,50,122,25,73,115,61,65,46,38,118,71,91,100,57,33,20,43,82,9,48,97,60,105,77,56,2,6,89,24,30,0,98,64,113,63,69,32,66,86,13,111,45,52,90,3,102,1,42,14,106,4,8,40,94,36,7,107,83,51,116,27,74,11,93,55,109,72,124,95,49,23,47,96,104,87,67,37,53,75,112,22,15,121,103,12,119]
[30,13,97,8,67,6,111,86,45,36,92,22,93,122,2,113,98,80,127,121,79,58,114,12,59,49,57,124,52,81,89,103,56,31,109,4,53,27,84,99,7,61,90,69,66,9,26,106,72,38,3,64,37,54,46,32,5,47,16,11,118,112,29,17,104,117,18,51,40,48,39,41,33,20,19,75,82,60,74,95,123,83,94,110,101,107,126,77,70,34,120,76,85,15,91,55,108,23,88,63,10,65,14,116,50,115,68,42,102,43,125,28,24,25,0,96,105,44,119,35,78,100,73,21,87,71,62,1]
[14,79,82,100,38,24,37,87,0,20,72,54,6,117,125,18,34,77,22,48,1,53,26,88,74,103,57,13,127,27,92,68,62,107,55,119,47,40,80,118,66,122,30,45,98,109,89,4,51,50,113,23,65,120,70,102,3,96,16,95,31,83,112,28,19,25,99,36,104,121,42,124,61,33,46,56,17,106,43,90,39,49,21,60,11,84,91,64,126,29,101,52,85,10,69,114,7,110,86,94,105,44,111,15,8,67,108,73,93,12,41,9,71,81,35,5,97,78,59,123,58,115,2,76,75,116,63,32]
[43,22,108,85,5,116,15,122,50,66,52,80,96,33,21,0,93,13,27,109,8,31,34,59,74,14,23,57,119,104,48,71,69,126,54,47,68,62,17,105,113,41,90,24,63,2,73,19,92,123,30,118,65,11,60,94,100,95,36,79,127,35,76,101,49,55,77,81,29,9,87,88,111,56,37,46,3,28,125,58,102,67,40,112,121,45,44,75,61,78,107,16,89,72,42,64,7,110,106,38,82,6,84,114,39,10,86,32,70,120,26,18,1,99,83,97,117,98,103,91,12,124,4,53,51,20,25,115]
[94,86,19,4,60,80,76,113,115,112,110,116,3,8,58,23,118,27,109,64,1,32,20,68,66,49,26,13,81,16,21,91,67,127,47,83,33,121,119,103,5,53,96,65,44,74,126,45,120,15,24,12,34,88,11,2,93,82,55,7,59,85,37,14,106,43,102,105,6,70,87,123,46,77,41,52,10,42,79,17,125,9,92,63,39,36,89,114,101,0,40,117,84,122,56,90,108,25,54,48,62,57,38,18,69,72,35,98,75,97,124,99,71,30,100,104,107,111,95,61,73,29,22,78,28,51,31,50]
[2,42,40,98,10,77,119,20,82,3,69,126,110,70,15,101,37,107,66,118,30,21,32,60,120,12,95,38,99,13,78,53,117,5,114,44,81,112,45,25,9,43,80,14,7,26,88,55,68,39,90,58,75,29,1,18,28,64,47,49,72,91,92,97,116,0,65,106,87,102,86,22,63,41,123,89,108,76,111,104,17,94,24,121,23,11,93,46,34,48,51,36,62,54,84,83,122,96,127,27,74,61,57,71,103,67,124,59,109,115,52,31,125,33,8,85,73,50,19,79,113,4,56,100,105,35,16,6]
[85,11,12,19,41,24,6,81,120,61,15,93,8,29,114,51,83,82,37,50,64,107,32,126,47,13,105,23,88,121,122,43,42,113,94,22,40,14,26,124,54,115,60,77,62,97,84,28,5,39,17,0,3,58,68,33,16,2,99,7,1,95,100,109,92,59,55,112,101,44,56,87,102,125,76,66,35,127,119,34,63,70,52,103,57,9,30,27,79,36,98,74,67,21,46,31,65,10,104,78,49,25,108,73,111,18,4,53,118,123,110,45,75,90,20,80,116,38,91,117,71,69,72,48,89,86,96,106]
[103,12,42,37,115,125,120,16,110,36,2,34,117,55,66,80,92,98,68,106,124,8,10,59,94,52,22,78,17,43,27,13,118,39,46,47,48,86,1,97,20,82,76,38,113,69,104,58,101,32,49,15,60,121,105,63,57,93,83,116,67,41,6,77,107,95,14,126,5,35,85,53,30,26,21,44,23,28,111,33,19,91,0,54,74,89,90,29,40,96,45,87,3,62,50,99,18,72,71,70,56,25,127,123,79,61,119,73,88,108,11,112,84,7,64,109,81,24,4,51,114,122,31,100,75,65,9,102]
[92,64,106,105,122,115,26,78,39,53,2,57,94,69,77,87,48,119,14,13,91,88,50,27,97,86,111,83,42,110,108,10,4,15,51,54,49,102,117,66,52,96,58,23,37,123,44,116,36,98,127,75,16,5,28,21,61,107,120,7,46,8,6,73,62,76,17,82,25,35,93,34,124,80,74,114,118,30,43,22,99,55,100,3,47,71,101,18,84,0,38,90,9,60,113,67,41,81,12,89,95,85,121,20,65,1,125,79,103,72,33,59,70,104,11,56,29,68,112,109,63,31,19,32,126,24,45,40]
[93,56,67,87,21,118,85,63,117,115,54,12,22,33,20,91,44,65,51,18,122,78,49,102,46,42,103,69,124,127,110,70,14,10,2,6,64,90,81,31,104,97,29,19,62,75,88,112,100,0,60,16,73,79,107,9,7,40,108,1,38,121,72,23,59,61,111,76,77,80,126,109,94,57,71,86,36,37,89,43,52,15,50,13,119,125,24,26,27,105,68,39,4,82,55,25,8,98,47,106,123,5,30,45,53,84,101,17,28,92,96,120,48,41,11,35,114,34,83,58,116,99,113,66,95,3,32,74]
[16,106,24,58,121,77,21,67,5,11,114,109,1,93,117,27,50,33,81,123,7,79,39,10,25,97,87,119,54,70,63,84,65,44,34,35,64,66,89,22,37,29,75,76,92,85,23,12,126,120,112,78,115,124,41,9,15,116,122,105,83,102,26,46,4,48,31,30,110,56,19,108,52,60,118,49,104,36,8,103,32,95,6,20,127,68,43,61,82,111,57,100,51,96,80,0,90,72,13,14,74,113,71,45,107,38,101,94,47,17,53,3,86,28,40,2,55,98,88,125,62,42,18,91,69,73,99,59]
[69,50,65,30,75,117,33,47,85,46,96,19,38,77,21,82,55,59,48,114,5,25,6,28,18,76,103,45,118,71,15,119,31,49,98,124,90,11,111,70,88,23,57,32,58,91,121,125,27,127,107,100,94,78,40,72,79,120,80,68,22,44,112,10,123,101,4,113,109,108,89,20,73,74,84,99,29,87,26,3,116,97,102,93,7,35,2,41,14,36,16,52,61,56,60,81,34,115,122,51,17,63,66,95,105,92,13,1,86,104,67,106,9,37,8,24,126,110,0,83,12,39,62,42,43,54,53,64]
[101,92,111,109,65,121,112,29,89,10,38,113,19,35,127,21,45,43,24,58,40,73,41,52,110,7,2,50,78,61,22,77,27,67,102,28,63,56,94,124,49,88,57,105,74,20,117,25,99,34,116,18,60,47,120,12,37,108,30,53,71,55,84,97,16,14,104,125,13,82,11,91,33,70,80,106,5,39,90,3,86,115,123,15,51,118,69,72,31,100,64,107,122,59,76,85,46,62,114,98,95,83,79,36,103,0,17,8,81,42,48,68,54,75,44,9,6,66,87,126,23,4,119,96,93,26,1,32]
[68,16,12,81,92,42,52,97,96,110,123,15,4,124,103,19,43,66,50,95,86,28,62,112,109,70,88,87,90,102,3,25,29,41,84,58,44,24,91,93,61,9,55,67,121,27,51,125,104,47,72,78,71,30,38,20,73,22,85,76,35,8,100,116,80,69,46,2,57,14,49,45,63,0,60,26,11,18,120,98,108,106,17,5,65,39,107,10,37,59,75,48,82,122,6,83,53,74,1,119,115,64,40,36,113,105,31,21,7,94,34,99,32,127,117,23,89,114,79,54,111,33,77,13,126,56,118,101]
[51,72,109,96,97,46,42,34,88,87,37,117,79,90,2,10,71,93,60,39,127,54,103,13,111,9,5,55,107,67,69,81,91,16,29,52,101,57,94,21,83,108,63,120,106,35,7,26,36,65,98,0,119,89,1,44,64,110,50,58,124,78,47,25,92,15,85,45,82,17,33,32,12,70,40,59,31,102,74,68,115,62,123,23,75,84,125,73,53,28,41,86,19,38,95,76,122,113,30,105,18,126,3,24,100,14,48,121,43,4,27,112,116,77,104,49,99,61,11,114,80,20,22,8,6,66,118,56]
[7,65,52,55,23,44,48,58,37,64,109,115,9,17,98,77,18,35,12,43,93,54,62,27,38,5,100,71,85,34,126,89,31,127,95,83,8,36,102,74,56,107,111,42,80,11,20,46,59,16,45,4,92,88,66,53,94,72,91,104,82,63,68,84,29,87,14,78,41,13,99,106,119,21,39,112,67,60,124,22,125,79,81,121,120,50,25,117,108,24,6,113,118,30,86,110,49,73,70,69,101,33,57,32,116,15,3,75,103,123,76,114,61,19,105,40,28,2,96,10,122,47,1,26,0,90,97,51]
[30,16,68,127,29,107,74,84,41,89,113,8,52,57,26,105,2,23,24,61,120,87,19,46,4,99,85,60,55,88,0,112,62,1,37,117,76,65,45,40,93,115,96,21,81,77,98,50,38,44,119,92,28,123,104,102,71,94,91,108,116,126,48,15,110,18,95,101,78,35,51,90,25,14,12,42,6,97,64,11,10,86,34,33,83,67,75,58,32,59,73,39,121,31,118,125,79,13,66,47,72,63,100,49,7,69,122,3,114,43,82,27,70,56,109,111,80,9,124,36,20,106,5,103,53,54,22,17]
[12,32,24,114,37,44,27,120,20,124,2,45,81,5,51,63,77,48,7,95,78,70,94,87,112,61,113,59,109,34,90,21,0,108,1,122,10,62,91,123,127,19,88,31,46,64,110,97,83,69,50,35,55,75,30,101,93,23,25,36,67,104,106,18,100,52,11,119,105,103,66,3,58,116,49,40,117,71,107,41,126,102,76,47,17,96,14,4,92,39,99,60,82,74,6,125,86,13,38,8,15,33,22,85,118,121,9,89,54,72,42,98,28,80,65,29,115,68,16,84,57,26,53,73,56,43,79,111]
[126,101,6,13,70,55,71,111,46,4,44,57,15,2,127,54,22,104,96,117,21,62,10,99,19,66,52,58,109,93,20,116,122,107,85,27,63,0,88,26,79,41,77,48,84,28,74,123,50,64,92,81,7,106,42,60,97,89,36,11,73,35,120,68,24,34,40,105,112,90,23,125,45,31,67,14,32,39,65,29,114,78,95,82,38,115,80,47,12,9,110,53,37,59,30,121,118,76,3,108,18,61,100,87,1,83,103,98,124,75,5,51,94,91,33,69,25,113,56,119,86,49,72,16,43,102,8,17]
[33,68,26,10,36,73,99,95,28,20,125,64,105,60,57,103,113,52,18,119,19,43,3,41,126,17,94,91,59,84,37,29,75,124,127,79,11,82,2,89,122,69,21,34,5,8,110,40,117,70,50,78,47,107,101,86,120,12,74,90,25,106,118,71,49,104,62,51,76,111,24,9,6,48,116,112,14,35,81,123,67,56,0,45,30,114,61,102,13,98,115,58,32,42,54,121,38,46,93,53,87,108,88,1,80,77,85,109,23,55,22,100,4,44,92,66,63,96,39,65,97,83,31,7,15,27,16,72]
[115,89,13,0,6,23,49,59,79,112,47,15,86,54,56,93,105,60,125,43,106,113,80,101,46,53,98,120,107,18,4,32,34,77,67,28,45,61,10,8,50,40,123,21,83,91,82,68,92,119,117,110,111,19,124,108,85,30,37,35,27,11,81,88,109,65,127,72,118,71,42,102,24,52,70,57,25,55,122,100,84,63,38,16,90,9,104,87,33,48,76,74,73,17,26,22,12,95,7,126,103,36,1,121,2,62,69,66,41,99,3,31,29,114,116,20,96,44,58,75,94,78,5,39,51,97,14,64]
[127,126,94,78,57,102,48,73,86,25,45,79,28,12,23,62,114,50,44,43,115,41,47,118,122,1,35,105,77,88,40,21,3,58,95,101,72,51,64,81,56,109,5,106,112,65,29,103,82,123,87,116,16,84,83,69,63,24,76,110,2,68,91,99,26,31,92,55,53,71,0,85,117,113,22,108,49,8,121,100,32,97,19,119,36,61,90,15,11,59,98,74,46,96,80,17,30,6,7,39,107,20,104,33,111,70,18,125,52,10,4,75,67,34,13,42,60,120,89,124,27,93,9,66,14,38,37,54]
[81,38,109,118,55,75,92,125,89,110,0,8,24,39,64,76,97,102,94,43,99,56,65,27,117,37,73,32,123,124,111,6,49,62,61,69,20,41,15,7,26,17,80,2,72,60,4,18,11,10,101,78,95,5,115,13,21,91,66,100,86,28,68,96,113,57,29,1,98,83,36,88,52,74,42,71,107,59,121,25,47,120,3,105,54,119,122,116,79,12,44,30,108,87,127,106,34,67,45,126,31,84,104,33,16,22,40,63,51,9,114,112,93,14,103,58,70,35,23,48,85,46,53,50,19,82,77,90]
[79,66,3,84,31,72,85,63,104,103,50,47,24,119,60,71,53,68,99,61,65,86,67,23,122,44,91,100,7,45,14,96,5,112,117,92,43,40,46,19,62,39,74,70,15,109,87,0,10,58,20,4,77,110,123,9,125,30,27,111,94,80,106,105,33,38,32,81,75,2,35,21,34,127,93,78,57,25,95,114,41,64,37,49,59,51,69,82,1,26,88,42,108,113,16,12,11,36,56,126,115,98,73,83,107,116,101,121,118,55,90,28,124,97,48,8,89,18,17,13,102,76,120,52,6,54,29,22]
[67,72,16,2,94,50,48,34,26,10,107,66,36,123,63,31,30,22,40,119,4,101,112,81,87,46,85,113,54,18,13,25,0,58,43,60,103,84,38,20,51,83,8,1,68,77,108,44,115,80,114,37,64,109,97,70,24,118,111,88,23,41,52,11,116,29,39,15,102,74,127,121,6,55,117,12,91,110,78,89,120,124,62,75,65,33,95,5,92,73,7,9,21,76,105,122,93,96,49,42,14,47,35,57,61,27,45,53,125,86,104,99,59,71,82,69,17,3,98,79,28,56,32,90,106,126,19,100]
[33,67,96,124,73,64,112,85,76,53,17,111,108,49,15,121,16,37,107,110,43,66,58,38,62,106,87,84,99,79,93,78,9,72,61,74,98,34,29,119,60,105,6,122,1,68,21,88,120,25,114,47,11,44,69,90,54,56,20,26,92,75,125,94,127,12,24,14,13,52,101,51,103,82,81,65,42,8,70,32,59,77,80,91,28,48,102,55,41,46,95,3,35,39,7,22,27,117,118,100,126,36,97,31,18,115,57,19,10,50,4,63,116,23,123,45,0,83,86,30,71,89,2,40,109,113,104,5]
[20,108,86,115,27,85,43,16,99,49,97,37,94,82,46,105,65,60,32,78,79,74,124,62,9,0,25,113,47,52,119,26,54,120,90,14,92,80,114,68,7,70,89,67,107,38,4,42,98,126,83,35,41,10,50,3,30,106,93,45,102,13,33,23,77,22,121,15,64,19,61,84,44,127,11,39,24,34,6,63,76,58,103,31,12,18,112,117,73,110,100,5,118,101,109,21,1,88,55,87,75,95,8,29,91,40,122,125,36,59,96,51,2,104,28,69,57,81,56,111,123,53,71,66,116,17,48,72]
[12,104,44,24,67,91,120,98,33,47,48,2,11,62,70,60,58,88,29,56,13,14,30,93,90,20,51,42,124,38,95,10,61,49,43,75,119,92,74,46,15,32,72,17,64,63,113,127,28,97,71,19,3,125,107,57,122,9,78,4,1,79,101,87,59,99,116,7,108,16,36,112,25,117,27,26,34,8,37,109,82,83,39,23,84,73,105,40,89,65,5,103,102,110,81,0,53,31,18,106,76,68,55,114,121,100,94,86,80,22,35,115,54,21,77,85,111,126,69,96,52,45,41,118,123,6,50,66]
[45,89,31,75,86,96,7,68,2,113,73,8,40,91,49,104,15,90,125,61,52,53,79,27,76,109,35,126,1,62,19,122,60,11,71,38,87,57,22,12,114,97,80,98,36,82,18,39,67,78,103,47,121,9,4,83,85,54,0,115,110,21,5,99,66,84,108,74,88,93,63,116,55,10,3,28,64,127,111,37,123,29,59,43,42,48,101,24,17,51,16,44,120,50,30,102,77,112,26,107,13,105,14,58,46,69,25,92,81,94,34,72,100,56,65,6,106,33,124,70,118,20,95,117,32,119,23,41]
[28,93,11,118,110,47,102,78,51,107,29,84,23,21,86,114,50,54,87,89,100,125,42,22,49,33,57,37,13,91,24,16,115,113,111,106,52,62,31,66,68,61,120,79,10,77,75,0,14,41,116,103,71,83,74,112,97,35,104,65,105,67,25,44,76,19,45,124,43,117,99,108,39,119,96,122,60,26,101,7,90,73,98,6,5,38,70,95,12,46,69,3,121,81,92,15,27,58,64,55,4,127,30,17,8,48,20,94,18,53,56,80,1,40,34,32,9,63,72,109,36,123,82,2,126,88,85,59]
[57,68,48,82,65,23,21,61,38,46,127,85,99,16,121,18,22,39,31,5,116,36,107,112,79,70,84,119,25,34,105,9,81,120,98,28,35,108,90,29,115,15,86,4,2,44,66,24,52,7,27,10,80,33,89,43,26,56,91,51,1,110,62,69,47,60,111,17,126,95,100,55,50,73,67,106,77,118,58,83,104,114,63,75,19,101,117,54,64,122,78,3,94,59,37,49,103,32,20,102,87,6,0,40,72,13,45,97,113,8,88,14,124,93,41,53,92,109,12,96,74,76,123,42,71,30,11,125]
[18,63,60,43,40,21,47,24,105,110,71,50,52,44,11,16,75,34,23,77,53,31,108,82,84,92,4,66,15,32,54,33,106,27,19,113,120,25,111,86,100,115,76,94,83,80,119,14,95,48,8,117,122,70,81,10,29,88,68,67,62,39,104,58,118,46,57,65,6,56,3,28,45,97,79,102,126,26,30,41,9,125,116,22,114,13,35,124,36,127,12,107,37,42,2,5,89,64,72,90,109,96,20,59,7,98,85,123,73,69,17,78,112,61,87,0,101,93,121,1,74,51,38,103,99,91,55,49]
